39 10819
40 1720
158 1130 1839
169 4776 128 296 9411
195 1192
216 957
227 1383
258 1552 1397 2893
501 11212 10323
609 3166
621 3942
628 11058
687 8882
696 11074 10798
713 6043
787 3845 8795
852 4298
899 4221 6216 4005 1620
918 5576 7816
922 6308
987 3368 3064 2560
1003 4227
1072 9386
1077 7158
1111 6853
1115 6076 7158 818
1143 5613
1148 7305 2243
1206 2408 9475 2763 1845
1241 149
1266 1840
1288 11420
1402 5776
1414 2693
1427 87 4334 2415
1453 1525
1493 3601
1500 4308
1521 5570
1546 1397 5629
1561 5116
1714 3074
1742 4969 4100 1157 2306 6984 10758
1760 6017
1786 880
1794 699
1800 9139
1864 595
1891 3152 3800 1988
1914 967
1976 6135
1977 6738 15 22
1992 10205 382
2012 3679
2112 714
2243 301
2262 187
2311 3709 11547
2349 8182
2382 1528
2415 6755 11720 10031
2441 1552 3705
2462 7910
2535 10523 1664
2545 520 2861 670
2555 2876
2596 5354
2608 8098
2696 1807
2761 8766
2939 6560 4609
2971 5217
2974 1070
2977 9131 8348
2989 9183
3001 7312
3017 5298 8221
3076 3145
3114 970
3123 3130
3137 1749
3164 5561
3169 10094
3171 2555 8860
3255 8244
3274 2625
3356 8848
3380 3622
3404 1404
3432 2716
3526 477 1756 7473
3534 5578 2693
3566 2748
3584 11245
3622 1545
3633 7227
3647 3470
3652 4415 45 6762 2443 1922
3671 8652
3691 4377 2224
3694 2312
3706 10197
3756 9104
3769 3743
3775 1304
3802 8677 3004
3821 4164
3910 45 5247 11027 483
3951 8204 8321
3952 5541 1825 5543 1460 6451 2910
3983 1416
3987 731 8451
4032 4910 9703
4050 5401
4107 3838 9804
4136 5945 10893 8507 9972 5959
4196 5354
4243 5282
4479 3727
4494 2246
4510 5671
4544 1196
4563 8620 509
4616 161
4644 1032 1039 2265 2569 11061
4658 5632
4677 2401
4678 8937
4691 4292
4715 240
4740 5089
4764 2823
4921 9830 3037
4950 10911 2375
4961 8670
4979 5194
4999 9462 558 136
5001 3047 11426
5008 252 8006 8564
5014 10432
5065 8308
5069 8860 2445 8379
5090 2763 3208 9964
5115 3723 3813 7312 78 6663
5236 11196
5240 2096
5256 6534
5282 3355
5292 2746 2097
5339 2281
5367 10047 3199 4934 8134
5404 6496
5450 826
5462 1086 9057 3919
5471 3531 1220
5511 6840 11345 1309 3074
5559 8263
5565 2562 10215
5594 4112 3050 10533
5596 8263
5622 373 2636 80 7888
5641 2488 258 7635
5690 8767
5759 10076
5770 714
5838 2551
5916 967 1435 1825 3135
5922 6204 5088 7367
5935 9396
5958 2893 397 2486
5967 3727
6005 518
6163 252
6376 3671
6597 3607 3399
6685 10029
6713 129
6734 4386 3782
6755 7259 5193
6811 966
6847 10360
6860 9279
6865 3603
6866 5576
6875 2473
7019 402 3859 11555 5670 5543
7080 2868
7153 3910
7158 1515
7217 6868
7225 1402
7342 758
7432 11411
7450 8693
7506 7631 38
7516 1288
7547 9969
7557 11938
7576 11376
7608 1482
7726 1001 5568
7736 11762 9034
7763 7556
7785 9939 1042 2345 11173 922
7828 4356 2897 8944 3740 11165
7923 6102
7979 3933
8169 45
8195 10201 10391
8215 2961
8271 8423
8310 8719
8368 1338
8407 1538
8421 3650 2675
8467 7744 10492 832 2411 1552 785 4493
8512 5840
8530 3562
8556 3118 7987 822 7609
8608 11345
8617 2473
8630 2375
8644 6814 3383
8673 3852 11024
8698 6341 2564 10898
8748 10005
8779 1522
8799 2221 2109
8823 3355
8868 4409 3303
8879 1053 6896
8998 11911
9031 4118
9044 10523
9064 2562
9079 8341
9124 395
9126 4102
9144 4173 4178
9213 9250
9308 7054
9309 966
9316 2900
9374 5762
9415 9969 644
9425 2680 798
9482 7612 8159
9527 136
9560 5872
9587 7859
9613 96
9622 280
9636 1086
9682 2328 4009
9708 1520 9028 3767
9742 2312 9796
9754 5801
9801 505
9811 1808
9812 2757
9815 5270
9919 9717
9942 1193 826 5974 2695 2437
10021 3820 11220 1302
10038 2281
10046 417
10079 1068
10149 501
10165 1581 271 5247
10302 5934 8000
10310 4709
10337 6567
10338 1378
10343 8448
10348 7288
10374 4178
10426 3448
10441 964 1859
10447 7314
10530 4199 6686 10736 2341 6487 10403
10622 5325 9271
10748 2391 5595 7578 8058 9635 2753 3968
10804 2771
10920 252
10921 3045 3256
10937 10185
10947 4290
10979 5152
11013 7491
11030 5229 9979
11039 1406 6320 8838
11054 264 8613
11076 8685 9449 3443
11106 8072
11130 1649
11171 4739 9991 2296 4436 4662
11186 3567 9454 1081
11224 1549 1703 6102
11225 5258
11230 3442
11233 4851 5259 7954 366 100 7685
11262 8722
11264 3652
11291 10287 7772 2776
11298 151 2719
11319 3390
11325 5009 7339 1617
11338 10116
11369 6799
11415 11784
11447 743
11453 10264
11464 22 5469 6000
11497 2138
11503 6958
11506 4423
11526 1470
11534 8266
11602 236 2347 9033
11625 8263
11626 1342
11637 1575 1070
11672 5877
11674 6293
11704 10453 3515
11763 4404 2290
11776 1664
11777 11165 2291
11852 6942 9795 3390
11853 6642
11893 55 1617
11940 930
11943 6482 10802
12064 3416
12075 3717
12206 9001
12211 9204
12215 375
12274 1358
12294 10834
12306 1990
12315 9185
12382 5066 2831 1762
12394 1358
12400 11246 6531 10151
12528 7765
12548 8824
12566 20 7690
12569 5303
12580 3722
12704 2259
12722 867
12723 2314
12848 2472 9592
12854 1631
12857 2930
12883 9550
12971 6246
13000 616 2269
13038 4544 7469 1442
13083 5465
13105 2803 395 1808
13116 436
13189 9352
13297 461 104 11027
13319 2912
13357 8857
13469 11698 1558
13500 1045
13536 2598 5303 10906 4037 6657
13544 2716 869
13555 376 5395
13567 2532
13599 10098
13600 11885 2838
13608 5670 9253 529 4514 5500 2340 280 6343
13679 8076 11791 482
13813 5687
13838 10898
13906 1992 10116 3808 992
13923 3934 6395
13924 1416 3482 6043 5950
13929 9800 7087
14045 944
14060 9643 2443 2121 2055
14121 203
14154 4582
14180 3933 5472 6452
14260 2236
14386 9396
14449 322
14581 9071 10626 2012
14587 4378
14603 3060
14706 70
14708 7385 9882 1676 4867
14778 4872 3139
14815 10393 1720 1949 2603
14817 7704
14899 7644
14925 5015
14948 9637
14966 5596
15039 2978
15053 6473 5266
15090 2617 1409 61 10949 936 9635 4962 59
15092 96 1979 3045
15102 400
15108 5540
15141 10322
15169 1081
15214 2830 6449
15252 11938
15256 3607 1195 2096 11727 3131
15270 8633
15326 2427
15381 8539 11074 2665 4639
15392 67
15396 6335
15399 11805
15426 11821
15431 9001
15480 7382
15511 4828
15529 558 1808
15540 6830
15545 493
15700 3957
15711 557 3198
15740 10144 2365 5985
15753 2646
15848 1579
15872 6346
15874 2741 10091
15897 9907 5640
15902 7486
15921 616
15926 6449
15957 1575
15958 1035 11677
16002 4866
16119 4227
16161 1895
16176 3740
16186 7312
16242 4474
16244 7653
16288 6643
16357 2384 3026
16379 2486
16385 10056
16409 1922 5536 2355 14 1874 477 3471 4413
16411 3502
16418 3432
16451 7405
16514 11204
16525 2753 9661 11230 4152
16544 6362
16573 2206 10395 660 6891 4740 1647
16590 7517
16597 8472
16667 136
16690 11598
16695 6849 6 3813 2375 11277
16712 2236
16746 4646 11260
16750 1443
16768 5544 8221
16824 8713
16842 9721 1148
16852 2070 3212 9383 3979
16929 1910 10638 9055
16970 8529
16972 11769
16979 11938
17041 6538
17113 2932
17121 6286
17133 11280
17148 8400 10827
17154 166
17165 5421 10785
17173 8214
17178 2769
17220 2038 7717
17241 7467 7077
17251 8703 8690
17253 5065
17256 629
17307 5533 1476
17345 2727
17351 357 1524
17369 9242 1957
17375 5112
17400 4478
17414 172
17464 8332 5632
17468 8594 9795 4191 7131
17560 2281
17578 8107 2265 1142 435 7313 9303 7906
17616 2282
17664 4164
17681 339 4249
17682 8642 1095 11425
17684 8263
17700 10964 3815
17756 90
17816 4280 11695
17844 11013
17847 11053 5761
17855 10565 1234
17932 2702
17936 7738 2141 4737
17968 2699
18006 9352
18035 6926
18093 7765 11851
18144 2753 8927
18196 10201
18291 2096
18296 3235 7449 694
18327 527
18339 11435 10581
18420 1495
18439 8552
18441 6377
18461 10276 3311 15
18486 4582
18528 6309 6721 1530 9433 8685
18639 7954
18693 4580 645 2112 3113
18716 229 4112
18744 2841 3961
18820 9050
18823 1169
18831 5267 2269 616 6921
18835 2943
18846 1280
18848 2522
18852 45
18861 5023
18878 3201 8477
18900 1757
18959 5598
19021 87 10833
19034 1942 7482 4380 5917 7483 1001
19089 1436
19110 123
19114 10275 2437 9575
19139 9476
19174 2488 1808 11938 3975
19310 3761 1037 4879 9753 3256 1035
19350 9350
19428 508 5776 4455 10760 267
19457 11083
19502 5869 3088 9116
19578 5483
19598 9926
19607 8446
19613 5379
19665 4624
19715 2278 562 1679
19771 4187
19782 5495
19799 1702 3255 2445
19870 6202
19886 11199 7717
19986 543
19997 10238
20001 8060 6502 6870 3902 4772
20065 2533 8941 6741
20076 7948
20096 740 703
20134 9978 10406
20143 413 365 60 3815
20148 10968 5354
20158 10750
20163 6286 4863 691 395
20230 3581
20247 5136
20286 1119
20330 1399 413
20411 11368
20417 8796
20439 4581
20457 7956
20477 271
20535 8803 3047 2893 5387 4612 78 7888
20536 6128
20564 529
20629 3076
20652 5971 5835 1961
20667 2753 565 1549 5447
20693 11776
20729 1744
20742 3256
20817 1135 4003 542
20827 1193 10094 1141
20845 10390 11851
20854 10515
20896 11846
20926 1067 5113
20934 5290
20946 1575 3936 2675
20954 7788
21022 11386
21051 2860
21056 4118
21120 6853
21376 7142
21395 2796 5570 9243
21433 8452
21482 9475 2408
21494 4582
21569 10139
21570 6748 5023
21633 1967
21668 8474
21685 273
21690 1720 1902 7218
21696 3690
21702 1265
21748 4221 555
21823 8306 1119
21851 2665 2437 9527
21859 1191
21870 5814
21907 5867 2579 6783 364 3751 4693
21945 341 7516 7904
21997 5606
22017 11305
22082 2228 647 1319 104
22149 9429
22181 7578
22204 4934 3586
22270 1885
22303 3700 5664
22315 1358 9912 8988 8072
22316 11486
22329 2117
22354 4408
22386 11887
22426 6463
22434 9042
22464 1980
22467 10454 579
22499 1181 932
22533 800
22547 7550 7282
22570 1574 7723 989
22571 758 7256 304
22601 2563
22629 5060
22716 11616
22720 6042
22777 6440 6637 3130
22784 4679 5712 936
22797 9034 1841
22822 256 501
22826 5549
22918 4822
22934 9121 3051
22948 6277
22957 11776
22967 7523
22972 486 9512
22973 3794
22994 9495
23003 11607 5581
23032 2693 6271
23038 1044
23041 3000
23055 5752
23058 11165
23180 989
23183 4412 278 4173 6961 918
23188 5571 6433
23224 11773 3645 10155
23332 8022 4280
23384 877 6433
23438 7376
23443 5879 2958 3192
23462 8499 7395
23476 5826
23540 7497
23591 8263
23615 4200
23623 7603
23627 7370
23636 11232 10757
23673 9179
23684 7738
23685 3914 108 11195 3739
23690 577
23728 6799
23817 10952
23832 6101
23846 591 2306 2309 6250
23858 3286 11235 161
23865 6239
23918 7859
23957 6321
23959 558 6335
23989 395
24126 2849
24164 2555 714
24239 10772
24377 7356
24563 749
24565 203 1588 2532
24567 10906
24644 6193
24650 8332
24668 218 9623 6749
24680 187
24693 8474
24808 4227 6318
24896 2309
24941 7515
24971 8594
24977 794
25017 2511
25025 11925
25039 1277 5850 6260
25171 783
25173 45
25273 5303 11062 9025
25287 1812
25358 482
25399 8687 4386 1675 3883 11720
25426 7173
25445 5434
25454 7718
25484 4558
25505 6879
25507 26
25660 1757
25683 9789
25711 11541 6504
25742 3471
25752 1269 6753 274 8170
25792 411
25827 1167
25928 7818 8325 1778 8784
26000 8190 6696
26067 413
26094 3256
26118 1651
26159 9950 6793
26193 3934
26231 6416
26306 10213
26326 4815 3130
26393 11359
26394 4313
26409 6421
26436 3212
26606 11047 2911 3673
26614 1004
26643 80 11611 5258 1434 6
26653 907 7461 3151
26699 1552
26730 10475 2968
26862 3128
26865 1756 4057
26875 2141
26885 413
26888 8417
26968 4193 2636 8887 4172
26970 6560 6601 11005 2282 10851 10006
26983 1567 2903 9945
26986 14 998
26996 18 7689 9303
27007 8510
27025 717 4985 4488 2825
27059 3006
27063 10216 10047
27167 2693
27192 2091 4488
27223 11040
27263 10234
27304 6547
27322 6626
27375 11948 1209
27494 46
27628 626
27716 7483 665
27743 3025
27752 3877 2558
27761 9269 10949
27847 6183
27966 10050
28006 1056
28065 2443 5116
28095 7860 6717
28103 5112 10421
28171 493
28212 5511
28258 9112
28327 2081
28330 10215
28373 413 714 2347
28407 3149 9156 7604
28431 1552
28445 4237
28483 5924 6647 670 3107
28545 7097
28555 5930 6335
28741 2281
28817 2588
28849 9864
28881 9306 3469
28884 1105 9535
28945 11041 2910 3040
29010 11059 11591 8405
29059 6823
29069 2112
29091 4852 2306 9643 5129 1324 11371 2732 576 855 6596
29107 5382 3760
29133 3916
29184 3455
29281 11417
29406 2674 3918 11603 2676 920
29417 6630
29462 2066
29475 136 8776
29497 3854 2455 3942
29509 952
29550 413 10201 9112 808
29577 2477
29586 9108
29590 10149
29618 6423
29699 11288
29715 5939
29721 8586 2524 5233
29789 9921 5814 5867
29792 11804 9793
29833 588
29849 822
29861 7663 4672
29897 10460
29966 9433 4049
30019 9664 171
30033 7502 5205 7680 4178
30048 9069
30124 7152
30127 5303
30149 9388 701
30180 7718 7426 1348
30192 2442 11931 183 4005
30221 11835 1078
30307 4030
30316 4051
30330 5701 179
30349 999
30374 1279
30403 2623
30440 4811
30530 590
30540 6044 8555
30545 1117
30607 9362
30641 4118
30687 1119
30696 2111 11323
30745 713
30764 2251
30784 464
30787 15
30905 8551
30915 3077 3416
30939 2893 5270
30946 2063
30956 6913 5978
30982 1514
31004 7636 3854
31031 5416 717 4584
31077 6542
31102 1696 3989
31175 1434
31213 62
31218 3520
31250 1301 3045 9231
31251 4409
31269 277 2169
31391 6452 483 5523
31416 6250
31494 2123
31546 1979 5826
31587 6005
31615 9811
31666 8929 2792
31668 2616
31751 5941
31758 2716
31808 2763
31825 6474
31919 1251
31978 7862
32034 11162 635 4221
32067 7994
32120 5066
32152 2034
32210 1270
32214 7795
32237 7623
32257 3391 8784
32258 980
32321 5590 2301 9955 7492 6956
32362 5579
32381 6789
32400 816 6084
32494 1627 9577 3738
32555 8391 5549
32559 1148
32585 4872 3925
32649 1342
32657 10847
32692 840
32699 8735
32735 3760
32746 8397 6161 10452
32788 5119 11922
32796 9992
32822 4786
32846 8925
32884 1283
32905 5095
32910 11738 387 7462 5036
32920 7572 8951
32922 2419 6590
32943 1105
32980 1957 829 10722
32983 11141
33133 7578
33140 1520
33214 1169
33256 4358 11005 8061
33267 9499
33272 6123 14
33280 734 4194 10506
33322 2716 2753 11
33356 6335 709 9548
33405 3415
33408 4505
33445 3815
33449 3876
33474 11382 80
33509 7600 1534
33564 255
33580 11598
33609 5451 2035
33725 8954
33752 3565
33805 2507 11809 10560 7300
33817 1294
33835 6679 1021 4334 9671 10532
33836 659
33877 7716 6811 8605
33944 3390
33991 8080
34078 7743
34107 7578 1980
34133 3761
34190 4486
34311 3276 240 1688 1756 327
34316 10872
34349 2605 7951
34383 5904
34387 2763
34392 3452
34411 9600 11070
34434 734
34438 395
34468 5068
34475 1693 11889
34510 2839
34528 3740 8271 2555
34586 7910
34657 274 1581
34672 3475 1161
34682 3069
34698 2753
34700 5119
34794 7443 1875
34795 5695
34853 9955 7612 3979
34866 216
34901 966
34927 9824
34998 2212
35006 979
35009 2763 5578
35026 5979 6153
35045 3358
35046 402
35073 2532 97
35134 6107
35156 7089
35164 3686 2932 6313
35283 9193 2412
35309 2134
35434 413
35446 10772
35487 2924
35499 2776
35515 6335
35517 1534
35608 6945
35629 11615
35654 2210
35680 714
35693 1788
35729 6295
35784 992
35822 9498
35879 5246 524 8327 1758 210
35884 4910
35911 337
35933 1863 5476 7556
35952 15
35961 3355
36098 9907
36167 1506
36231 696
36256 6237
36276 2694
36310 9248
36320 2243 5237
36325 2896
36363 8938
36491 7221
36509 2380
36513 2532
36558 1696
36570 8986 5718 11788
36614 2649
36626 8835
36634 4246
36694 2548 7978
36778 104
36789 1674 1728 1466
36790 346
36838 316
36895 10151 8058
36908 2830 11212 8676
36986 5502
36987 9151
36999 5090
37045 5447 7955 10116 3842
37110 2251
37165 2904 5472
37176 1861 8940 6743 626 2733
37216 40 400
37223 4879
37277 4773
37300 5023 10323 2893 3093
37343 4420
37353 2856
37384 6766
37407 4452
37463 10281
37468 3820 10483
37550 5076
37639 4867 7757 5325
37667 2451 4952
37725 477 4863
37741 1406
37755 7392 6448
37756 2937
37766 2955
37822 1550 7760 5399
37877 322 1202 2377
37884 3332
37900 5832 4080
37927 11491
37982 1897
38041 2205 784 8460
38044 230
38051 1126
38052 6499
38080 3883 6923 7092 8127
38088 3513
38195 7647
38205 10397 9749 8670
38234 3135
38239 2096 10901 6994 2275
38253 7007 4159
38309 1234
38421 3219
38442 11230
38457 7505
38528 375 2912
38549 2328
38577 6655 5036
38586 403 3796
38591 4221 3590 2769
38708 6360
38757 3562
38826 11212 10147 11024
38849 7043
38871 9855
38934 5383
38962 2298
38966 3044
38974 7349 6997 1783
39014 7623
39015 5236
39124 5595 6658
39125 5916
39236 3462
39245 4358
39264 5144
39265 1651
39277 8369
39285 5552
39302 8327
39425 6441 7084 2019 365 5495
39427 301
39484 891 2671 2657
39510 7851
39523 2351
39560 10830 9134
39591 813
39656 4334 8300
39664 2704
39698 1042 10966
39701 2286 3813
39769 6204
39821 8753 11085
39843 2845 2491
39929 3026
39996 2012 7891 6591
40001 11606
40004 1979 3093 8400 9898
40011 5271
40013 5119 1017
40030 4567
40060 11416
40136 1783
40167 4911 2706 8579 10943
40170 2170 6024
40171 7718
40201 9423 1600
40254 1651
40267 9830
40307 863
40336 714
40341 170
40347 536 6548 1402
40476 720
40481 918
40488 5590
40595 11398
40630 7905
40640 7748
40690 2210
40697 11206
40749 5233 1980
40796 5695
40833 7360
40847 3323
40850 9896 4067 5816 8031 5065
40857 3853
40885 4436
40920 4515
40932 3234
40952 623
40974 5716
40997 634
41000 15
41066 478 9190
41106 1434 10568 8543 8253
41118 6389
41119 1434 3032 10506
41136 8108 136 4310
41139 970
41153 4118
41196 3784
41201 6639 742 2819 11100 2826 4178
41205 6376
41222 4589
41228 4099 3126 5551
41244 7354
41368 175
41404 6459
41410 2203
41426 6408 3740
41431 4051
41460 2413 6204 2634
41494 9530
41521 714
41582 2515
41586 9921
41597 136
41645 856
41646 2995
41720 413 3454 4867
